[gd_scene load_steps=3 format=3 uid="uid://ba6ggmup51a3y"]

[ext_resource type="Texture2D" uid="uid://dlqrmruflalsu" path="res://Assets/grid.jpg" id="1_2ddto"]

[sub_resource type="StandardMaterial3D" id="StandardMaterial3D_rgld7"]
albedo_texture = ExtResource("1_2ddto")
uv1_triplanar = true
uv1_world_triplanar = true
uv2_triplanar = true

[node name="Sandbox" type="Node3D"]

[node name="CSGBox3D" type="CSGBox3D" parent="."]
use_collision = true
collision_mask = 30
size = Vector3(250, 0.2, 250)
material = SubResource("StandardMaterial3D_rgld7")

[node name="CSGBox3D2" type="CSGBox3D" parent="."]
transform = Transform3D(0.7582595, 0, 0.65195286, 0, 1, 0, -0.65195286, 0, 0.7582595, -10.534209, 5.0573072, 6.5598183)
use_collision = true
collision_mask = 30
size = Vector3(3, 10, 3)

[node name="CSGBox3D3" type="CSGBox3D" parent="."]
transform = Transform3D(0.81925213, 0, -0.5734334, 0, 1, 0, 0.5734334, 0, 0.81925213, -4.7145796, 5.0573072, -22.913513)
use_collision = true
collision_mask = 30
size = Vector3(3, 10, 3)

[node name="CSGBox3D4" type="CSGBox3D" parent="."]
transform = Transform3D(0.81925213, 0, -0.5734334, 0, 1, 0, 0.5734334, 0, 0.81925213, 5.1347704, 5.0573072, 5.8144035)
use_collision = true
collision_mask = 30
size = Vector3(3, 10, 3)

[node name="CSGBox3D6" type="CSGBox3D" parent="."]
transform = Transform3D(-0.0036032808, -0.99999034, 0.002522107, 0.9322689, -0.002446858, 0.36175793, -0.3617482, 0.003654797, 0.9322686, -3.3594675, 7.357956, 6.2437143)
use_collision = true
collision_mask = 30
size = Vector3(0.62646484, 26.997192, 3)

[node name="CSGBox3D7" type="CSGBox3D" parent="."]
transform = Transform3D(0.45786262, -0.3232695, -0.82816577, 0.88060284, 0.037006944, 0.47240782, -0.12206713, -0.945583, 0.30161616, 0.05654466, 7.348586, -11.446621)
use_collision = true
collision_mask = 30
size = Vector3(0.62646484, 34.6557, 3)

[node name="CSGBox3D8" type="CSGBox3D" parent="."]
transform = Transform3D(0.19694273, 0.6211407, -0.7585497, 0.97644687, -0.054727584, 0.20870201, 0.08811967, -0.78178596, -0.6172893, 0.4012637, 6.893711, -7.677326)
use_collision = true
collision_mask = 30
size = Vector3(0.62646484, 34.6557, 3)

[node name="CSGBox3D9" type="CSGBox3D" parent="."]
transform = Transform3D(0.3989763, 0.8988409, 0.18139203, 0.89179105, -0.42638758, 0.15133473, 0.21336882, 0.101384476, -0.9716969, 6.861407, 4.746126, -7.677326)
use_collision = true
collision_mask = 30
size = Vector3(0.62646484, 34.6557, 3)

[node name="CSGBox3D5" type="CSGBox3D" parent="."]
transform = Transform3D(0.81925213, 0, -0.5734334, 0, 1, 0, 0.5734334, 0, 0.81925213, 9.528792, 5.0573072, -19.032196)
use_collision = true
collision_mask = 30
size = Vector3(3, 10, 3)

[node name="CSGCylinder3D" type="CSGCylinder3D" parent="."]
transform = Transform3D(1, 0, 0, 0, 0.9037317, 0.42809933, 0, -0.42809933, 0.9037317, 5.0218296, -0.31567287, 2.527216)
use_collision = true
collision_mask = 30
radius = 3.5327148
height = 1.3686523

[node name="CSGCylinder3D2" type="CSGCylinder3D" parent="."]
transform = Transform3D(-0.2796112, -0.41102386, 0.86768484, 0, 0.9037317, 0.42809933, -0.9601133, 0.11970137, -0.2526935, 7.777644, 0.26070118, -16.711458)
use_collision = true
collision_mask = 30
radius = 3.5327148
height = 1.3686523
